0 0.315625 0.15625 0.3234375 0.1546875 0.33125 0.1703125 0.3296875 0.1734375 0.315625 0.1734375 0.3109375 0.1671875 0.315625 0.1578125
0 0.675 0.3515625 0.684375 0.35625 0.6921875 0.365625 0.6875 0.3765625 0.6828125 0.3796875 0.6734375 0.3796875 0.6671875 0.3765625 0.659375 0.3703125 0.65625 0.3640625 0.65625 0.35 0.6640625 0.3484375 0.6734375 0.3515625
0 0.56875 0.334375 0.5734375 0.3375 0.575 0.3421875 0.5765625 0.3609375 0.5734375 0.3671875 0.56875 0.365625 0.5625 0.3703125 0.553125 0.36875 0.5421875 0.3703125 0.5390625 0.3671875 0.5390625 0.3546875 0.5421875 0.3421875 0.546875 0.3359375 0.559375 0.33125 0.5671875 0.334375
0 0.840625 0.51875 0.859375 0.5265625 0.8734375 0.525 0.8859375 0.5265625 0.9078125 0.5390625 0.9234375 0.54375 0.9375 0.5515625 0.9484375 0.5640625 0.9625 0.59375 0.9609375 0.6078125 0.946875 0.6203125 0.9390625 0.621875 0.93125 0.6265625 0.93125 0.6296875 0.9390625 0.634375 0.9421875 0.6390625 0.9421875 0.6515625 0.9296875 0.665625 0.9234375 0.66875 0.9125 0.66875 0.903125 0.671875 0.89375 0.6703125 0.8921875 0.671875 0.89375 0.675 0.8890625 0.6796875 0.8890625 0.6828125 0.8859375 0.6796875 0.88125 0.6796875 0.86875 0.6828125 0.865625 0.6859375 0.8625 0.684375 0.7796875 0.6828125 0.753125 0.671875 0.7421875 0.6609375 0.74375 0.646875 0.7421875 0.609375 0.7484375 0.5953125 0.7484375 0.590625 0.7546875 0.5859375 0.753125 0.578125 0.7546875 0.5734375 0.75625 0.575 0.759375 0.5703125 0.765625 0.56875 0.7703125 0.5640625 0.7734375 0.55625 0.78125 0.55 0.784375 0.5375 0.796875 0.528125 0.8015625 0.528125 0.8171875 0.5203125 0.8390625 0.51875
0 0.8625 0.3828125 0.8640625 0.384375 0.88125 0.384375 0.8828125 0.3828125 0.9015625 0.384375 0.9265625 0.396875 0.9296875 0.4109375 0.9234375 0.4296875 0.91875 0.4359375 0.91875 0.44375 0.9125 0.45625 0.9140625 0.459375 0.9125 0.4625 0.9078125 0.465625 0.9 0.4640625 0.8953125 0.475 0.8890625 0.4796875 0.884375 0.4796875 0.875 0.4859375 0.85625 0.4875 0.8515625 0.490625 0.84375 0.4875 0.834375 0.4875 0.8234375 0.4828125 0.8078125 0.4640625 0.8046875 0.453125 0.8078125 0.440625 0.8078125 0.4265625 0.8015625 0.41875 0.7984375 0.4078125 0.80625 0.396875 0.8171875 0.390625 0.8234375 0.390625 0.8390625 0.384375 0.8609375 0.3828125
0 0.7609375 0.3421875 0.7765625 0.346875 0.790625 0.3578125 0.790625 0.3671875 0.7859375 0.38125 0.7875 0.3921875 0.7671875 0.4171875 0.7546875 0.4234375 0.75 0.425 0.746875 0.4234375 0.740625 0.4265625 0.73125 0.4234375 0.7203125 0.4234375 0.7015625 0.4109375 0.7 0.4 0.70625 0.3859375 0.70625 0.3765625 0.703125 0.371875 0.703125 0.365625 0.709375 0.35625 0.7265625 0.34375 0.746875 0.340625 0.759375 0.3421875
0 0.6875 0.3375 0.696875 0.340625 0.709375 0.3515625 0.709375 0.35625 0.703125 0.3625 0.7046875 0.3859375 0.6984375 0.3984375 0.6875 0.3984375 0.678125 0.3953125 0.671875 0.3890625 0.6703125 0.3796875 0.659375 0.3703125 0.6546875 0.359375 0.6546875 0.3515625 0.6671875 0.340625 0.6859375 0.3375
0 0.4765625 0.3625 0.4921875 0.371875 0.4953125 0.3765625 0.478125 0.4078125 0.465625 0.415625 0.4578125 0.4140625 0.4453125 0.3984375 0.44375 0.3765625 0.4515625 0.3625 0.45625 0.3609375 0.475 0.3625
0 0.4203125 0.346875 0.4296875 0.353125 0.44375 0.3578125 0.4484375 0.3625 0.4421875 0.378125 0.4421875 0.3890625 0.4375 0.396875 0.4296875 0.4046875 0.415625 0.4109375 0.396875 0.403125 0.3890625 0.3953125 0.3828125 0.3828125 0.3828125 0.378125 0.3890625 0.3734375 0.3921875 0.359375 0.396875 0.3546875 0.40625 0.35 0.41875 0.3484375
0 0.30625 0.40625 0.3078125 0.4078125 0.3265625 0.4078125 0.33125 0.415625 0.340625 0.421875 0.340625 0.4265625 0.3484375 0.4328125 0.353125 0.4484375 0.3578125 0.45625 0.3578125 0.4703125 0.353125 0.48125 0.34375 0.49375 0.3328125 0.5015625 0.3078125 0.4984375 0.2984375 0.49375 0.2828125 0.4953125 0.278125 0.4875 0.278125 0.48125 0.2625 0.46875 0.25625 0.453125 0.2515625 0.4484375 0.253125 0.425 0.25625 0.415625 0.2609375 0.4109375 0.271875 0.40625 0.3046875 0.40625
